16
48
80
112
144
176
208
240
272
304
336
368
400
432
464
496
528
560
592
624
656
688
720
752
784
816
848
880
912
944
976
1008
1040
1072
1104
1136
1168
1200
1232
1264
1296
1328
1360
1392
1424
1456
1488
1520
1552
1584
1616
1648
1680
1712
1744
1776
1808
1840
1872
1904
1936
1968
2000
2032
2064
2096
2128
2160
2192
2224
2256
2288
2320
2352
2384
2416
2448
2480
2512
2544
2576
2608
2640
2672
2704
2736
2768
2800
2832
2864
2896
2928
2960
2992
3024
3056
3088
3120
3152
3184
3216
3248
3280
3312
3344
3376
3408
3440
3472
3504
3536
3568
3600
3632
3664
3696
3728
3760
3792
3824
3856
3888
3920
3952
3984
4016
4048
4080
4112
4144
4176
4208
4240
4272
4304
4336
4368
4400
4432
4464
4496
4528
4560
4592
4624
4656
4688
4720
4752
4784
4816
4848
4880
4912
4944
4976
5008
5040
5072
5104
5136
5168
5200
5232
5264
5296
5328
5360
5392
5424
5456
5488
5520
5552
5584
5616
5648
5680
5712
5744
5776
5808
5840
5872
5904
5936
5968
6000
6032
6064
6096
6128
6160
6192
6224
6256
6288
6320
6352
6384
6416
6448
6480
6512
6544
6576
6608
6640
6672
6704
6736
6768
6800
6832
6864
6896
6928
6960
6992
7024
7056
7088
7120
7152
7184
7216
7248
7280
7312
7344
7376
7408
7440
7472
7504
7536
7568
7600
7632
7664
7696
7728
7760
7792
7824
7856
7888
7920
7952
7984
8016
8048
8080
8112
8144
8176
8208
8240
8272
8304
8336
8368
8400
8432
8464
8496
8528
8560
8592
8624
8656
8688
8720
8752
8784
8816
8848
8880
8912
8944
8976
9008
9040
9072
9104
9136
9168
9200
9232
9264
9296
9328
9360
9392
9424
9456
9488
9520
9552
9584
9616
9648
9680
9712
9744
9776
9808
9840
9872
9904
9936
9968
10000
10032
10064
10096
10128
10160
10192
10224
10256
10288
10320
10352
10384
10416
10448
10480
10512
10544
10576
10608
10640
10672
10704
10736
10768
10800
10832
10864
10896
10928
10960
10992
11024
11056
11088
11120
11152
11184
11216
11248
11280
11312
11344
11376
11408
11440
11472
11504
11536
11568
11600
11632
11664
11696
11728
11760
11792
11824
11856
11888
11920
11952
11984
12016
12048
12080
12112
12144
12176
12208
12240
12272
12304
12336
12368
12400
12432
12464
12496
12528
12560
12592
12624
12656
12688
12720
12752
12784
12816
12848
12880
12912
12944
12976
13008
13040
13072
13104
13136
13168
13200
13232
13264
13296
13328
13360
13392
13424
13456
13488
13520
13552
13584
13616
13648
13680
13712
13744
13776
13808
13840
13872
13904
13936
13968
14000
14032
14064
14096
14128
14160
14192
14224
14256
14288
14320
14352
14384
14416
14448
14480
14512
14544
14576
14608
14640
14672
14704
14736
14768
14800
14832
14864
14896
14928
14960
14992
15024
15056
15088
15120
15152
15184
15216
15248
15280
15312
15344
15376
15408
15440
15472
15504
15536
15568
15600
15632
15664
15696
15728
15760
15792
15824
15856
15888
15920
15952
15984
16016
16048
16080
16112
16144
16176
16208
16240
16272
16304
16336
16368
16400
16432
16464
16496
16528
16560
16592
16624
16656
16688
16720
16752
16784
16816
16848
16880
16912
16944
16976
17008
17040
17072
17104
17136
17168
17200
17232
17264
17296
17328
17360
17392
17424
17456
17488
17520
17552
17584
17616
17648
17680
17712
17744
17776
17808
17840
17872
17904
17936
17968
18000
18032
18064
18096
18128
18160
18192
18224
18256
18288
18320
18352
18384
18416
18448
18480
18512
18544
18576
18608
18640
18672
18704
18736
18768
18800
18832
18864
18896
18928
18960
18992
19024
19056
19088
19120
19152
19184
19216
19248
19280
19312
19344
19376
19408
19440
19472
19504
19536
19568
19600
19632
19664
19696
19728
19760
19792
19824
19856
19888
19920
19952
19984
20016
20048
20080
20112
20144
20176
20208
20240
20272
20304
20336
20368
20400
20432
20464
20496
20528
20560
20592
20624
20656
20688
20720
20752
20784
20816
20848
20880
20912
20944
20976
21008
21040
21072
21104
21136
21168
21200
21232
21264
21296
21328
21360
21392
21424
21456
21488
21520
21552
21584
21616
21648
21680
21712
21744
21776
21808
21840
21872
21904
21936
21968
22000
22032
22064
22096
22128
22160
22192
22224
22256
22288
22320
22352
22384
22416
22448
22480
22512
22544
22576
22608
22640
22672
22704
22736
22768
22800
22832
22864
22896
22928
22960
22992
23024
23056
23088
23120
23152
23184
23216
23248
23280
23312
23344
23376
23408
23440
23472
23504
23536
23568
23600
23632
23664
23696
23728
23760
23792
23824
23856
23888
23920
23952
23984
24016
24048
24080
24112
24144
24176
24208
24240
24272
24304
24336
24368
24400
24432
24464
24496
24528
24560
24592
24624
24656
24688
24720
24752
24784
24816
24848
24880
24912
24944
24976
25008
25040
25072
25104
25136
25168
25200
25232
25264
25296
25328
25360
25392
25424
25456
25488
25520
25552
25584
25616
25648
25680
25712
25744
25776
25808
25840
25872
25904
25936
25968
26000
26032
26064
26096
26128
26160
26192
26224
26256
26288
26320
26352
26384
26416
26448
26480
26512
26544
26576
26608
26640
26672
26704
26736
26768
26800
26832
26864
26896
26928
26960
26992
27024
27056
27088
27120
27152
27184
27216
27248
27280
27312
27344
27376
27408
27440
27472
27504
27536
27568
27600
27632
27664
27696
27728
27760
27792
27824
27856
27888
27920
27952
27984
28016
28048
28080
28112
28144
28176
28208
28240
28272
28304
28336
28368
28400
28432
28464
28496
28528
28560
28592
28624
28656
28688
28720
28752
28784
28816
28848
28880
28912
28944
28976
29008
29040
29072
29104
29136
29168
29200
29232
29264
29296
29328
29360
29392
29424
29456
29488
29520
29552
29584
29616
29648
29680
29712
29744
29776
29808
29840
29872
29904
29936
29968
30000
30032
30064
30096
30128
30160
30192
30224
30256
30288
30320
30352
30384
30416
30448
30480
30512
30544
30576
30608
30640
30672
30704
30736
30768
30800
30832
30864
30896
30928
30960
30992
31024
31056
31088
31120
31152
31184
31216
31248
31280
31312
31344
31376
31408
31440
31472
31504
31536
31568
31600
31632
31664
31696
31728
31760
31792
31824
31856
31888
31920
31952
31984
32016
32048
32080
32112
32144
32176
32208
32240
32272
32304
32336
32368
32400
32432
32464
32496
32528
32560
32592
32624
32656
32688
32720
32752
32784
32816
32848
32880
32912
32944
32976
33008
33040
33072
33104
33136
33168
33200
33232
33264
33296
33328
33360
33392
33424
33456
33488
33520
33552
33584
33616
33648
33680
33712
33744
33776
33808
33840
33872
33904
33936
33968
34000
34032
34064
34096
34128
34160
34192
34224
34256
34288
34320
34352
34384
34416
34448
34480
34512
34544
34576
34608
34640
34672
34704
34736
34768
34800
34832
34864
34896
34928
34960
34992
35024
35056
35088
35120
35152
35184
35216
35248
35280
35312
35344
35376
35408
35440
35472
35504
35536
35568
35600
35632
35664
35696
35728
35760
35792
35824
35856
35888
35920
35952
35984
36016
36048
36080
36112
36144
36176
36208
36240
36272
36304
36336
36368
36400
36432
36464
36496
36528
36560
36592
36624
36656
36688
36720
36752
36784
36816
36848
36880
36912
36944
36976
37008
37040
37072
37104
37136
37168
37200
37232
37264
37296
37328
37360
37392
37424
37456
37488
37520
37552
37584
37616
37648
37680
37712
37744
37776
37808
37840
37872
37904
37936
37968
38000
38032
38064
38096
38128
38160
38192
38224
38256
38288
38320
38352
38384
38416
38448
38480
38512
38544
38576
38608
38640
38672
38704
38736
38768
38800
38832
38864
38896
38928
38960
38992
39024
39056
39088
39120
39152
39184
39216
39248
39280
39312
39344
39376
39408
39440
39472
39504
39536
39568
39600
39632
39664
39696
39728
39760
39792
39824
39856
39888
39920
39952
39984
40016
40048
40080
40112
40144
40176
40208
40240
40272
40304
40336
40368
40400
40432
40464
40496
40528
40560
40592
40624
40656
40688
40720
40752
40784
40816
40848
40880
40912
40944
40976
41008
41040
41072
41104
41136
41168
41200
41232
41264
41296
41328
41360
41392
41424
41456
41488
41520
41552
41584
41616
41648
41680
41712
41744
41776
41808
41840
41872
41904
41936
41968
42000
42032
42064
42096
42128
42160
42192
42224
42256
42288
42320
42352
42384
42416
42448
42480
42512
42544
42576
42608
42640
42672
42704
42736
42768
42800
42832
42864
42896
42928
42960
42992
43024
43056
43088
43120
43152
43184
43216
43248
43280
43312
43344
43376
43408
43440
43472
43504
43536
43568
43600
43632
43664
43696
43728
43760
43792
43824
43856
43888
43920
43952
43984
44016
44048
44080
44112
44144
44176
44208
44240
44272
44304
44336
44368
44400
44432
44464
44496
44528
44560
44592
44624
44656
44688
44720
44752
44784
44816
44848
44880
44912
44944
44976
45008
45040
45072
45104
45136
45168
45200
45232
45264
45296
45328
45360
45392
45424
45456
45488
45520
45552
45584
45616
45648
45680
45712
45744
45776
45808
45840
45872
45904
45936
45968
46000
46032
46064
46096
46128
46160
46192
46224
46256
46288
46320
46352
46384
46416
46448
46480
46512
46544
46576
46608
46640
46672
46704
46736
46768
46800
46832
46864
46896
46928
46960
46992
47024
47056
47088
47120
47152
47184
47216
47248
47280
47312
47344
47376
47408
47440
47472
47504
47536
47568
47600
47632
47664
47696
47728
47760
47792
47824
47856
47888
47920
47952
47984
48016
48048
48080
48112
48144
48176
48208
48240
48272
48304
48336
48368
48400
48432
48464
48496
48528
48560
48592
48624
48656
48688
48720
48752
48784
48816
48848
48880
48912
48944
48976
49008
49040
49072
49104
49136
49168
49200
49232
49264
49296
49328
49360
49392
49424
49456
49488
49520
49552
49584
49616
49648
49680
49712
49744
49776
49808
49840
49872
49904
49936
49968
50000