8
24
40
56
72
88
104
120
136
152
168
184
200
216
232
248
264
280
296
312
328
344
360
376
392
408
424
440
456
472
488
504
520
536
552
568
584
600
616
632
648
664
680
696
712
728
744
760
776
792
808
824
840
856
872
888
904
920
936
952
968
984
1000
1016
1032
1048
1064
1080
1096
1112
1128
1144
1160
1176
1192
1208
1224
1240
1256
1272
1288
1304
1320
1336
1352
1368
1384
1400
1416
1432
1448
1464
1480
1496
1512
1528
1544
1560
1576
1592
1608
1624
1640
1656
1672
1688
1704
1720
1736
1752
1768
1784
1800
1816
1832
1848
1864
1880
1896
1912
1928
1944
1960
1976
1992
2008
2024
2040
2056
2072
2088
2104
2120
2136
2152
2168
2184
2200
2216
2232
2248
2264
2280
2296
2312
2328
2344
2360
2376
2392
2408
2424
2440
2456
2472
2488
2504
2520
2536
2552
2568
2584
2600
2616
2632
2648
2664
2680
2696
2712
2728
2744
2760
2776
2792
2808
2824
2840
2856
2872
2888
2904
2920
2936
2952
2968
2984
3000
3016
3032
3048
3064
3080
3096
3112
3128
3144
3160
3176
3192
3208
3224
3240
3256
3272
3288
3304
3320
3336
3352
3368
3384
3400
3416
3432
3448
3464
3480
3496
3512
3528
3544
3560
3576
3592
3608
3624
3640
3656
3672
3688
3704
3720
3736
3752
3768
3784
3800
3816
3832
3848
3864
3880
3896
3912
3928
3944
3960
3976
3992
4008
4024
4040
4056
4072
4088
4104
4120
4136
4152
4168
4184
4200
4216
4232
4248
4264
4280
4296
4312
4328
4344
4360
4376
4392
4408
4424
4440
4456
4472
4488
4504
4520
4536
4552
4568
4584
4600
4616
4632
4648
4664
4680
4696
4712
4728
4744
4760
4776
4792
4808
4824
4840
4856
4872
4888
4904
4920
4936
4952
4968
4984
5000
5016
5032
5048
5064
5080
5096
5112
5128
5144
5160
5176
5192
5208
5224
5240
5256
5272
5288
5304
5320
5336
5352
5368
5384
5400
5416
5432
5448
5464
5480
5496
5512
5528
5544
5560
5576
5592
5608
5624
5640
5656
5672
5688
5704
5720
5736
5752
5768
5784
5800
5816
5832
5848
5864
5880
5896
5912
5928
5944
5960
5976
5992
6008
6024
6040
6056
6072
6088
6104
6120
6136
6152
6168
6184
6200
6216
6232
6248
6264
6280
6296
6312
6328
6344
6360
6376
6392
6408
6424
6440
6456
6472
6488
6504
6520
6536
6552
6568
6584
6600
6616
6632
6648
6664
6680
6696
6712
6728
6744
6760
6776
6792
6808
6824
6840
6856
6872
6888
6904
6920
6936
6952
6968
6984
7000
7016
7032
7048
7064
7080
7096
7112
7128
7144
7160
7176
7192
7208
7224
7240
7256
7272
7288
7304
7320
7336
7352
7368
7384
7400
7416
7432
7448
7464
7480
7496
7512
7528
7544
7560
7576
7592
7608
7624
7640
7656
7672
7688
7704
7720
7736
7752
7768
7784
7800
7816
7832
7848
7864
7880
7896
7912
7928
7944
7960
7976
7992
8008
8024
8040
8056
8072
8088
8104
8120
8136
8152
8168
8184
8200
8216
8232
8248
8264
8280
8296
8312
8328
8344
8360
8376
8392
8408
8424
8440
8456
8472
8488
8504
8520
8536
8552
8568
8584
8600
8616
8632
8648
8664
8680
8696
8712
8728
8744
8760
8776
8792
8808
8824
8840
8856
8872
8888
8904
8920
8936
8952
8968
8984
9000
9016
9032
9048
9064
9080
9096
9112
9128
9144
9160
9176
9192
9208
9224
9240
9256
9272
9288
9304
9320
9336
9352
9368
9384
9400
9416
9432
9448
9464
9480
9496
9512
9528
9544
9560
9576
9592
9608
9624
9640
9656
9672
9688
9704
9720
9736
9752
9768
9784
9800
9816
9832
9848
9864
9880
9896
9912
9928
9944
9960
9976
9992
10008
10024
10040
10056
10072
10088
10104
10120
10136
10152
10168
10184
10200
10216
10232
10248
10264
10280
10296
10312
10328
10344
10360
10376
10392
10408
10424
10440
10456
10472
10488
10504
10520
10536
10552
10568
10584
10600
10616
10632
10648
10664
10680
10696
10712
10728
10744
10760
10776
10792
10808
10824
10840
10856
10872
10888
10904
10920
10936
10952
10968
10984
11000
11016
11032
11048
11064
11080
11096
11112
11128
11144
11160
11176
11192
11208
11224
11240
11256
11272
11288
11304
11320
11336
11352
11368
11384
11400
11416
11432
11448
11464
11480
11496
11512
11528
11544
11560
11576
11592
11608
11624
11640
11656
11672
11688
11704
11720
11736
11752
11768
11784
11800
11816
11832
11848
11864
11880
11896
11912
11928
11944
11960
11976
11992
12008
12024
12040
12056
12072
12088
12104
12120
12136
12152
12168
12184
12200
12216
12232
12248
12264
12280
12296
12312
12328
12344
12360
12376
12392
12408
12424
12440
12456
12472
12488
12504
12520
12536
12552
12568
12584
12600
12616
12632
12648
12664
12680
12696
12712
12728
12744
12760
12776
12792
12808
12824
12840
12856
12872
12888
12904
12920
12936
12952
12968
12984
13000
13016
13032
13048
13064
13080
13096
13112
13128
13144
13160
13176
13192
13208
13224
13240
13256
13272
13288
13304
13320
13336
13352
13368
13384
13400
13416
13432
13448
13464
13480
13496
13512
13528
13544
13560
13576
13592
13608
13624
13640
13656
13672
13688
13704
13720
13736
13752
13768
13784
13800
13816
13832
13848
13864
13880
13896
13912
13928
13944
13960
13976
13992
14008
14024
14040
14056
14072
14088
14104
14120
14136
14152
14168
14184
14200
14216
14232
14248
14264
14280
14296
14312
14328
14344
14360
14376
14392
14408
14424
14440
14456
14472
14488
14504
14520
14536
14552
14568
14584
14600
14616
14632
14648
14664
14680
14696
14712
14728
14744
14760
14776
14792
14808
14824
14840
14856
14872
14888
14904
14920
14936
14952
14968
14984
15000
15016
15032
15048
15064
15080
15096
15112
15128
15144
15160
15176
15192
15208
15224
15240
15256
15272
15288
15304
15320
15336
15352
15368
15384
15400
15416
15432
15448
15464
15480
15496
15512
15528
15544
15560
15576
15592
15608
15624
15640
15656
15672
15688
15704
15720
15736
15752
15768
15784
15800
15816
15832
15848
15864
15880
15896
15912
15928
15944
15960
15976
15992
16008
16024
16040
16056
16072
16088
16104
16120
16136
16152
16168
16184
16200
16216
16232
16248
16264
16280
16296
16312
16328
16344
16360
16376
16392
16408
16424
16440
16456
16472
16488
16504
16520
16536
16552
16568
16584
16600
16616
16632
16648
16664
16680
16696
16712
16728
16744
16760
16776
16792
16808
16824
16840
16856
16872
16888
16904
16920
16936
16952
16968
16984
17000
17016
17032
17048
17064
17080
17096
17112
17128
17144
17160
17176
17192
17208
17224
17240
17256
17272
17288
17304
17320
17336
17352
17368
17384
17400
17416
17432
17448
17464
17480
17496
17512
17528
17544
17560
17576
17592
17608
17624
17640
17656
17672
17688
17704
17720
17736
17752
17768
17784
17800
17816
17832
17848
17864
17880
17896
17912
17928
17944
17960
17976
17992
18008
18024
18040
18056
18072
18088
18104
18120
18136
18152
18168
18184
18200
18216
18232
18248
18264
18280
18296
18312
18328
18344
18360
18376
18392
18408
18424
18440
18456
18472
18488
18504
18520
18536
18552
18568
18584
18600
18616
18632
18648
18664
18680
18696
18712
18728
18744
18760
18776
18792
18808
18824
18840
18856
18872
18888
18904
18920
18936
18952
18968
18984
19000
19016
19032
19048
19064
19080
19096
19112
19128
19144
19160
19176
19192
19208
19224
19240
19256
19272
19288
19304
19320
19336
19352
19368
19384
19400
19416
19432
19448
19464
19480
19496
19512
19528
19544
19560
19576
19592
19608
19624
19640
19656
19672
19688
19704
19720
19736
19752
19768
19784
19800
19816
19832
19848
19864
19880
19896
19912
19928
19944
19960
19976
19992
20008
20024
20040
20056
20072
20088
20104
20120
20136
20152
20168
20184
20200
20216
20232
20248
20264
20280
20296
20312
20328
20344
20360
20376
20392
20408
20424
20440
20456
20472
20488
20504
20520
20536
20552
20568
20584
20600
20616
20632
20648
20664
20680
20696
20712
20728
20744
20760
20776
20792
20808
20824
20840
20856
20872
20888
20904
20920
20936
20952
20968
20984
21000
21016
21032
21048
21064
21080
21096
21112
21128
21144
21160
21176
21192
21208
21224
21240
21256
21272
21288
21304
21320
21336
21352
21368
21384
21400
21416
21432
21448
21464
21480
21496
21512
21528
21544
21560
21576
21592
21608
21624
21640
21656
21672
21688
21704
21720
21736
21752
21768
21784
21800
21816
21832
21848
21864
21880
21896
21912
21928
21944
21960
21976
21992
22008
22024
22040
22056
22072
22088
22104
22120
22136
22152
22168
22184
22200
22216
22232
22248
22264
22280
22296
22312
22328
22344
22360
22376
22392
22408
22424
22440
22456
22472
22488
22504
22520
22536
22552
22568
22584
22600
22616
22632
22648
22664
22680
22696
22712
22728
22744
22760
22776
22792
22808
22824
22840
22856
22872
22888
22904
22920
22936
22952
22968
22984
23000
23016
23032
23048
23064
23080
23096
23112
23128
23144
23160
23176
23192
23208
23224
23240
23256
23272
23288
23304
23320
23336
23352
23368
23384
23400
23416
23432
23448
23464
23480
23496
23512
23528
23544
23560
23576
23592
23608
23624
23640
23656
23672
23688
23704
23720
23736
23752
23768
23784
23800
23816
23832
23848
23864
23880
23896
23912
23928
23944
23960
23976
23992
24008
24024
24040
24056
24072
24088
24104
24120
24136
24152
24168
24184
24200
24216
24232
24248
24264
24280
24296
24312
24328
24344
24360
24376
24392
24408
24424
24440
24456
24472
24488
24504
24520
24536
24552
24568
24584
24600
24616
24632
24648
24664
24680
24696
24712
24728
24744
24760
24776
24792
24808
24824
24840
24856
24872
24888
24904
24920
24936
24952
24968
24984
25000
25016
25032
25048
25064
25080
25096
25112
25128
25144
25160
25176
25192
25208
25224
25240
25256
25272
25288
25304
25320
25336
25352
25368
25384
25400
25416
25432
25448
25464
25480
25496
25512
25528
25544
25560
25576
25592
25608
25624
25640
25656
25672
25688
25704
25720
25736
25752
25768
25784
25800
25816
25832
25848
25864
25880
25896
25912
25928
25944
25960
25976
25992
26008
26024
26040
26056
26072
26088
26104
26120
26136
26152
26168
26184
26200
26216
26232
26248
26264
26280
26296
26312
26328
26344
26360
26376
26392
26408
26424
26440
26456
26472
26488
26504
26520
26536
26552
26568
26584
26600
26616
26632
26648
26664
26680
26696
26712
26728
26744
26760
26776
26792
26808
26824
26840
26856
26872
26888
26904
26920
26936
26952
26968
26984
27000
27016
27032
27048
27064
27080
27096
27112
27128
27144
27160
27176
27192
27208
27224
27240
27256
27272
27288
27304
27320
27336
27352
27368
27384
27400
27416
27432
27448
27464
27480
27496
27512
27528
27544
27560
27576
27592
27608
27624
27640
27656
27672
27688
27704
27720
27736
27752
27768
27784
27800
27816
27832
27848
27864
27880
27896
27912
27928
27944
27960
27976
27992
28008
28024
28040
28056
28072
28088
28104
28120
28136
28152
28168
28184
28200
28216
28232
28248
28264
28280
28296
28312
28328
28344
28360
28376
28392
28408
28424
28440
28456
28472
28488
28504
28520
28536
28552
28568
28584
28600
28616
28632
28648
28664
28680
28696
28712
28728
28744
28760
28776
28792
28808
28824
28840
28856
28872
28888
28904
28920
28936
28952
28968
28984
29000
29016
29032
29048
29064
29080
29096
29112
29128
29144
29160
29176
29192
29208
29224
29240
29256
29272
29288
29304
29320
29336
29352
29368
29384
29400
29416
29432
29448
29464
29480
29496
29512
29528
29544
29560
29576
29592
29608
29624
29640
29656
29672
29688
29704
29720
29736
29752
29768
29784
29800
29816
29832
29848
29864
29880
29896
29912
29928
29944
29960
29976
29992
30008
30024
30040
30056
30072
30088
30104
30120
30136
30152
30168
30184
30200
30216
30232
30248
30264
30280
30296
30312
30328
30344
30360
30376
30392
30408
30424
30440
30456
30472
30488
30504
30520
30536
30552
30568
30584
30600
30616
30632
30648
30664
30680
30696
30712
30728
30744
30760
30776
30792
30808
30824
30840
30856
30872
30888
30904
30920
30936
30952
30968
30984
31000
31016
31032
31048
31064
31080
31096
31112
31128
31144
31160
31176
31192
31208
31224
31240
31256
31272
31288
31304
31320
31336
31352
31368
31384
31400
31416
31432
31448
31464
31480
31496
31512
31528
31544
31560
31576
31592
31608
31624
31640
31656
31672
31688
31704
31720
31736
31752
31768
31784
31800
31816
31832
31848
31864
31880
31896
31912
31928
31944
31960
31976
31992
32008
32024
32040
32056
32072
32088
32104
32120
32136
32152
32168
32184
32200
32216
32232
32248
32264
32280
32296
32312
32328
32344
32360
32376
32392
32408
32424
32440
32456
32472
32488
32504
32520
32536
32552
32568
32584
32600
32616
32632
32648
32664
32680
32696
32712
32728
32744
32760
32776
32792
32808
32824
32840
32856
32872
32888
32904
32920
32936
32952
32968
32984
33000
33016
33032
33048
33064
33080
33096
33112
33128
33144
33160
33176
33192
33208
33224
33240
33256
33272
33288
33304
33320
33336
33352
33368
33384
33400
33416
33432
33448
33464
33480
33496
33512
33528
33544
33560
33576
33592
33608
33624
33640
33656
33672
33688
33704
33720
33736
33752
33768
33784
33800
33816
33832
33848
33864
33880
33896
33912
33928
33944
33960
33976
33992
34008
34024
34040
34056
34072
34088
34104
34120
34136
34152
34168
34184
34200
34216
34232
34248
34264
34280
34296
34312
34328
34344
34360
34376
34392
34408
34424
34440
34456
34472
34488
34504
34520
34536
34552
34568
34584
34600
34616
34632
34648
34664
34680
34696
34712
34728
34744
34760
34776
34792
34808
34824
34840
34856
34872
34888
34904
34920
34936
34952
34968
34984
35000
35016
35032
35048
35064
35080
35096
35112
35128
35144
35160
35176
35192
35208
35224
35240
35256
35272
35288
35304
35320
35336
35352
35368
35384
35400
35416
35432
35448
35464
35480
35496
35512
35528
35544
35560
35576
35592
35608
35624
35640
35656
35672
35688
35704
35720
35736
35752
35768
35784
35800
35816
35832
35848
35864
35880
35896
35912
35928
35944
35960
35976
35992
36008
36024
36040
36056
36072
36088
36104
36120
36136
36152
36168
36184
36200
36216
36232
36248
36264
36280
36296
36312
36328
36344
36360
36376
36392
36408
36424
36440
36456
36472
36488
36504
36520
36536
36552
36568
36584
36600
36616
36632
36648
36664
36680
36696
36712
36728
36744
36760
36776
36792
36808
36824
36840
36856
36872
36888
36904
36920
36936
36952
36968
36984
37000
37016
37032
37048
37064
37080
37096
37112
37128
37144
37160
37176
37192
37208
37224
37240
37256
37272
37288
37304
37320
37336
37352
37368
37384
37400
37416
37432
37448
37464
37480
37496
37512
37528
37544
37560
37576
37592
37608
37624
37640
37656
37672
37688
37704
37720
37736
37752
37768
37784
37800
37816
37832
37848
37864
37880
37896
37912
37928
37944
37960
37976
37992
38008
38024
38040
38056
38072
38088
38104
38120
38136
38152
38168
38184
38200
38216
38232
38248
38264
38280
38296
38312
38328
38344
38360
38376
38392
38408
38424
38440
38456
38472
38488
38504
38520
38536
38552
38568
38584
38600
38616
38632
38648
38664
38680
38696
38712
38728
38744
38760
38776
38792
38808
38824
38840
38856
38872
38888
38904
38920
38936
38952
38968
38984
39000
39016
39032
39048
39064
39080
39096
39112
39128
39144
39160
39176
39192
39208
39224
39240
39256
39272
39288
39304
39320
39336
39352
39368
39384
39400
39416
39432
39448
39464
39480
39496
39512
39528
39544
39560
39576
39592
39608
39624
39640
39656
39672
39688
39704
39720
39736
39752
39768
39784
39800
39816
39832
39848
39864
39880
39896
39912
39928
39944
39960
39976
39992
40008
40024
40040
40056
40072
40088
40104
40120
40136
40152
40168
40184
40200
40216
40232
40248
40264
40280
40296
40312
40328
40344
40360
40376
40392
40408
40424
40440
40456
40472
40488
40504
40520
40536
40552
40568
40584
40600
40616
40632
40648
40664
40680
40696
40712
40728
40744
40760
40776
40792
40808
40824
40840
40856
40872
40888
40904
40920
40936
40952
40968
40984
41000
41016
41032
41048
41064
41080
41096
41112
41128
41144
41160
41176
41192
41208
41224
41240
41256
41272
41288
41304
41320
41336
41352
41368
41384
41400
41416
41432
41448
41464
41480
41496
41512
41528
41544
41560
41576
41592
41608
41624
41640
41656
41672
41688
41704
41720
41736
41752
41768
41784
41800
41816
41832
41848
41864
41880
41896
41912
41928
41944
41960
41976
41992
42008
42024
42040
42056
42072
42088
42104
42120
42136
42152
42168
42184
42200
42216
42232
42248
42264
42280
42296
42312
42328
42344
42360
42376
42392
42408
42424
42440
42456
42472
42488
42504
42520
42536
42552
42568
42584
42600
42616
42632
42648
42664
42680
42696
42712
42728
42744
42760
42776
42792
42808
42824
42840
42856
42872
42888
42904
42920
42936
42952
42968
42984
43000
43016
43032
43048
43064
43080
43096
43112
43128
43144
43160
43176
43192
43208
43224
43240
43256
43272
43288
43304
43320
43336
43352
43368
43384
43400
43416
43432
43448
43464
43480
43496
43512
43528
43544
43560
43576
43592
43608
43624
43640
43656
43672
43688
43704
43720
43736
43752
43768
43784
43800
43816
43832
43848
43864
43880
43896
43912
43928
43944
43960
43976
43992
44008
44024
44040
44056
44072
44088
44104
44120
44136
44152
44168
44184
44200
44216
44232
44248
44264
44280
44296
44312
44328
44344
44360
44376
44392
44408
44424
44440
44456
44472
44488
44504
44520
44536
44552
44568
44584
44600
44616
44632
44648
44664
44680
44696
44712
44728
44744
44760
44776
44792
44808
44824
44840
44856
44872
44888
44904
44920
44936
44952
44968
44984
45000
45016
45032
45048
45064
45080
45096
45112
45128
45144
45160
45176
45192
45208
45224
45240
45256
45272
45288
45304
45320
45336
45352
45368
45384
45400
45416
45432
45448
45464
45480
45496
45512
45528
45544
45560
45576
45592
45608
45624
45640
45656
45672
45688
45704
45720
45736
45752
45768
45784
45800
45816
45832
45848
45864
45880
45896
45912
45928
45944
45960
45976
45992
46008
46024
46040
46056
46072
46088
46104
46120
46136
46152
46168
46184
46200
46216
46232
46248
46264
46280
46296
46312
46328
46344
46360
46376
46392
46408
46424
46440
46456
46472
46488
46504
46520
46536
46552
46568
46584
46600
46616
46632
46648
46664
46680
46696
46712
46728
46744
46760
46776
46792
46808
46824
46840
46856
46872
46888
46904
46920
46936
46952
46968
46984
47000
47016
47032
47048
47064
47080
47096
47112
47128
47144
47160
47176
47192
47208
47224
47240
47256
47272
47288
47304
47320
47336
47352
47368
47384
47400
47416
47432
47448
47464
47480
47496
47512
47528
47544
47560
47576
47592
47608
47624
47640
47656
47672
47688
47704
47720
47736
47752
47768
47784
47800
47816
47832
47848
47864
47880
47896
47912
47928
47944
47960
47976
47992
48008
48024
48040
48056
48072
48088
48104
48120
48136
48152
48168
48184
48200
48216
48232
48248
48264
48280
48296
48312
48328
48344
48360
48376
48392
48408
48424
48440
48456
48472
48488
48504
48520
48536
48552
48568
48584
48600
48616
48632
48648
48664
48680
48696
48712
48728
48744
48760
48776
48792
48808
48824
48840
48856
48872
48888
48904
48920
48936
48952
48968
48984
49000
49016
49032
49048
49064
49080
49096
49112
49128
49144
49160
49176
49192
49208
49224
49240
49256
49272
49288
49304
49320
49336
49352
49368
49384
49400
49416
49432
49448
49464
49480
49496
49512
49528
49544
49560
49576
49592
49608
49624
49640
49656
49672
49688
49704
49720
49736
49752
49768
49784
49800
49816
49832
49848
49864
49880
49896
49912
49928
49944
49960
49976
49992